1   
3    
5    
6    
8    
11   
19   
50   
51   
52   
53   
54   
55   
56   
57   
58   
59   
10783
10787
11538
11547
11602
11607
11609
11659
11946
1239 
12134
12163
12167
12182
12244
12250
12254
12255
12263
20141
20189
20190
20191
20197
20219
20221
20327
20348
20368
20369
20393
20394
20401
20489
20497
20552
20599
20604
20640
20641
20699
20719
20726
20743
20747
23018
23161
23162
23163
23164
23165
23166
23167
23168
23169
23170
23171
23172
23173
23174
23175
23176
23177
23178
23179
23180
23182
23185
23187
23188
23189
23191
23192
23193
23194
23195
23196
23197
23198
23199
23200
23201
23202
23204
23205
23206
23207
23208
23209
23210
23211
23212
23214
23215
23223
23236
23245
671  
686  
693  
695  
2705 
2706 
2707 
2708 
2709 
2711 
2714 
2717 
2722 
2723 
2725 
2727 
2728 
2732 
2735 
2736 
2945 
2948 
2957 
2958 
2960 
2962 
2966 
2968 